0523
0513
0245
0805
0686
0247
0706
0237
0527
0480
0163
0531
0757
0096
0664
0676
0654
0892
0641
0637
0202
0467
0781
0878
0582
0539
0529
0238
0477
0640
0167
0207
0700
0212
0454
0525
0649
0298
0305
0479
0591
0292
0593
0869
0696
0678
0701
0594
0747
0741
0253
0164
0235
0819
0395
0572
0515
0726
0100
0330
0712
0556
0260
0072
0764
0161
0769
0656
0244
0291
0475
0684
0213
0288
0394
0914
0068
0542
0718
0668
0559
0075
0903
0738
0777
0644
0300
0570
0302
0782
0176
0105
0597
0536
0106
0632
0596
0875
0464
0657
0441
0899
0704
0472
0067
0571
0227
0533
0590
0304
0225
0069
0811
0665
0509
0820
0264
0689
0214
0519
0629
0248
0102
0739
0821
0719
0234
0094
0554
0171
0204
0716
0101
0675
0445
0534
0893
0230
0655
0108
0561
0218
0910
0647
0236
0297
0877
0165
0810
0687