3 1 996 485 61 49 -1 -1 -1 0 car
3 4 1400 476 32 103 -1 -1 -1 0 person
3 10 1083 470 41 40 -1 -1 -1 0 car
4 1 976 463 67 50 -1 -1 -1 0 car
4 4 1360 461 34 99 -1 -1 -1 0 person
4 10 1058 455 49 37 -1 -1 -1 0 car
4 25 1369 456 41 99 -1 -1 -1 0 person
5 1 953 440 65 50 -1 -1 -1 0 car
5 4 1365 448 36 98 -1 -1 -1 0 person
5 10 1038 439 51 40 -1 -1 -1 0 car
5 25 1421 447 39 98 -1 -1 -1 0 person
6 1 931 422 65 51 -1 -1 -1 0 car
6 4 1421 432 41 109 -1 -1 -1 0 person
6 10 1023 423 55 43 -1 -1 -1 0 car
6 25 1444 437 38 97 -1 -1 -1 0 person
7 1 901 438 61 51 -1 -1 -1 0 car
7 4 1430 423 43 113 -1 -1 -1 0 person
7 10 1001 441 62 47 -1 -1 -1 0 car
7 84 830 420 28 20 -1 -1 -1 0 car
7 88 1567 440 32 144 -1 -1 -1 0 person
8 1 874 448 64 50 -1 -1 -1 0 car
8 10 985 453 75 52 -1 -1 -1 0 car
8 25 1227 424 34 74 -1 -1 -1 0 person
8 84 799 433 28 18 -1 -1 -1 0 car
8 88 1574 446 25 151 -1 -1 -1 0 person
8 102 586 459 73 44 -1 -1 -1 0 car
9 1 860 474 59 48 -1 -1 -1 0 car
9 4 1264 456 38 83 -1 -1 -1 0 person
9 10 981 480 89 65 -1 -1 -1 0 car
9 25 1205 416 31 67 -1 -1 -1 0 person
9 84 787 440 24 15 -1 -1 -1 0 car
9 102 627 478 39 36 -1 -1 -1 0 car
10 1 854 479 58 48 -1 -1 -1 0 car
10 4 1136 467 30 80 -1 -1 -1 0 person
10 10 992 489 115 73 -1 -1 -1 0 car
10 25 1119 473 22 50 -1 -1 -1 0 person
10 84 813 466 24 17 -1 -1 -1 0 car
10 102 733 468 30 27 -1 -1 -1 0 car
11 1 859 465 60 45 -1 -1 -1 0 car
11 4 1099 468 30 77 -1 -1 -1 0 person
11 10 1025 477 140 87 -1 -1 -1 0 car
11 25 963 462 43 38 -1 -1 -1 0 car
11 84 809 476 22 17 -1 -1 -1 0 car
11 88 1413 444 61 120 -1 -1 -1 0 person
11 102 811 452 27 19 -1 -1 -1 0 car
11 125 655 464 80 66 -1 -1 -1 0 car
11 130 584 470 56 47 -1 -1 -1 0 car
11 131 531 477 55 38 -1 -1 -1 0 car
11 135 325 475 255 91 -1 -1 -1 0 car
12 1 862 447 55 44 -1 -1 -1 0 car
12 4 1255 441 29 76 -1 -1 -1 0 person
12 10 1058 456 181 111 -1 -1 -1 0 car
12 25 932 440 42 33 -1 -1 -1 0 car
12 84 814 436 24 17 -1 -1 -1 0 car
12 88 1390 447 62 118 -1 -1 -1 0 person
12 102 861 454 17 12 -1 -1 -1 0 car
12 125 624 454 96 69 -1 -1 -1 0 car
12 130 556 455 59 51 -1 -1 -1 0 car
12 131 509 464 47 38 -1 -1 -1 0 car
12 135 245 460 308 111 -1 -1 -1 0 car
13 1 860 450 55 44 -1 -1 -1 0 car
13 4 1329 455 27 78 -1 -1 -1 0 person
13 10 1097 463 239 137 -1 -1 -1 0 car
13 25 771 442 32 24 -1 -1 -1 0 car
13 84 811 439 24 17 -1 -1 -1 0 car
13 125 591 461 110 76 -1 -1 -1 0 car
13 130 526 457 63 59 -1 -1 -1 0 car
13 131 495 457 43 36 -1 -1 -1 0 car
13 135 145 462 377 133 -1 -1 -1 0 car
13 141 725 446 33 32 -1 -1 -1 0 car
14 1 859 450 55 45 -1 -1 -1 0 car
14 4 1335 454 27 77 -1 -1 -1 0 person
14 10 1125 468 294 151 -1 -1 -1 0 car
14 25 702 441 21 15 -1 -1 -1 0 car
14 88 1389 446 32 95 -1 -1 -1 0 person
14 125 564 462 121 82 -1 -1 -1 0 car
14 130 497 460 78 64 -1 -1 -1 0 car
14 131 389 459 22 36 -1 -1 -1 0 person
14 135 57 463 440 153 -1 -1 -1 0 car
14 141 724 446 32 30 -1 -1 -1 0 car
14 148 401 471 103 50 -1 -1 -1 0 car
14 150 1221 439 65 30 -1 -1 -1 0 car
14 152 984 451 52 44 -1 -1 -1 0 car
15 1 861 449 50 43 -1 -1 -1 0 car
15 4 1483 445 33 69 -1 -1 -1 0 person
15 10 1164 467 382 184 -1 -1 -1 0 car
15 84 815 447 23 16 -1 -1 -1 0 car
15 88 1371 448 31 90 -1 -1 -1 0 person
15 125 537 463 140 90 -1 -1 -1 0 car
15 130 479 460 77 69 -1 -1 -1 0 car
15 131 351 457 24 35 -1 -1 -1 0 person
15 135 6 462 493 182 -1 -1 -1 0 car
15 141 723 446 33 30 -1 -1 -1 0 car
15 148 359 474 137 42 -1 -1 -1 0 car
15 150 1238 436 62 33 -1 -1 -1 0 car
15 152 983 449 62 46 -1 -1 -1 0 car
15 154 956 448 36 41 -1 -1 -1 0 car
15 156 644 439 68 57 -1 -1 -1 0 car
16 1 860 452 47 42 -1 -1 -1 0 car
16 4 1572 454 27 64 -1 -1 -1 0 person
16 10 1196 467 401 216 -1 -1 -1 0 car
16 84 813 450 23 16 -1 -1 -1 0 car
16 125 519 470 146 94 -1 -1 -1 0 car
16 130 464 455 88 53 -1 -1 -1 0 car
16 131 312 452 24 35 -1 -1 -1 0 person
16 135 61 460 520 198 -1 -1 -1 0 car
16 141 767 450 35 25 -1 -1 -1 0 car
16 148 334 476 136 41 -1 -1 -1 0 car
16 150 1266 442 47 34 -1 -1 -1 0 car
16 152 986 453 64 48 -1 -1 -1 0 car
16 154 954 453 37 39 -1 -1 -1 0 car
16 156 637 445 65 58 -1 -1 -1 0 car
17 1 862 460 41 37 -1 -1 -1 0 car
17 4 1601 454 -2 61 -1 -1 -1 0 person
17 10 1236 478 362 241 -1 -1 -1 0 car
17 84 812 458 22 15 -1 -1 -1 0 car
17 125 496 470 155 99 -1 -1 -1 0 car
17 130 445 451 92 55 -1 -1 -1 0 car
17 135 202 455 503 205 -1 -1 -1 0 car
17 141 769 458 32 23 -1 -1 -1 0 car
17 150 1280 444 47 34 -1 -1 -1 0 car
17 152 999 461 58 48 -1 -1 -1 0 car
17 154 952 460 41 38 -1 -1 -1 0 car
17 156 626 442 73 65 -1 -1 -1 0 car
17 164 927 461 25 27 -1 -1 -1 0 car
18 1 862 464 37 34 -1 -1 -1 0 car
18 10 1269 477 326 275 -1 -1 -1 0 car
18 84 810 462 24 16 -1 -1 -1 0 car
18 88 1230 456 25 79 -1 -1 -1 0 person
18 135 345 461 460 193 -1 -1 -1 0 car
18 141 764 462 35 23 -1 -1 -1 0 car
18 148 268 477 26 48 -1 -1 -1 0 person
18 152 996 464 63 50 -1 -1 -1 0 car
18 154 968 465 34 40 -1 -1 -1 0 car
18 164 931 465 32 26 -1 -1 -1 0 car
18 168 708 464 47 30 -1 -1 -1 0 car
18 170 695 462 38 33 -1 -1 -1 0 car
19 1 857 466 42 32 -1 -1 -1 0 car
19 4 1254 448 69 48 -1 -1 -1 0 car
19 10 1304 480 292 316 -1 -1 -1 0 car
19 84 808 466 24 16 -1 -1 -1 0 car
19 88 1228 454 30 82 -1 -1 -1 0 person
19 125 388 481 167 125 -1 -1 -1 0 car
19 135 524 462 367 171 -1 -1 -1 0 car
19 141 770 465 34 22 -1 -1 -1 0 car
19 148 240 480 28 52 -1 -1 -1 0 person
19 150 931 465 35 33 -1 -1 -1 0 car
19 152 992 466 69 51 -1 -1 -1 0 car
19 154 956 467 34 40 -1 -1 -1 0 car
19 164 916 465 34 26 -1 -1 -1 0 car
19 168 711 468 42 26 -1 -1 -1 0 car
20 1 910 469 43 30 -1 -1 -1 0 car
20 4 1236 457 63 41 -1 -1 -1 0 car
20 10 1354 493 243 271 -1 -1 -1 0 car
20 88 1204 456 30 78 -1 -1 -1 0 person
20 125 308 489 294 138 -1 -1 -1 0 car
20 135 671 459 274 164 -1 -1 -1 0 car
20 148 210 479 27 62 -1 -1 -1 0 person
20 150 956 472 33 37 -1 -1 -1 0 car
20 152 983 468 82 54 -1 -1 -1 0 car
20 154 968 469 44 45 -1 -1 -1 0 car
20 156 627 458 67 65 -1 -1 -1 0 car
20 164 938 472 30 30 -1 -1 -1 0 car
20 173 157 498 222 110 -1 -1 -1 0 car
21 1 912 470 42 29 -1 -1 -1 0 car
21 4 1245 455 50 37 -1 -1 -1 0 car
21 10 1433 544 165 225 -1 -1 -1 0 car
21 125 206 490 357 160 -1 -1 -1 0 car
21 135 770 459 199 147 -1 -1 -1 0 car
21 148 178 482 30 61 -1 -1 -1 0 person
21 150 953 471 37 39 -1 -1 -1 0 car
21 152 1012 469 62 54 -1 -1 -1 0 car
21 154 971 470 43 46 -1 -1 -1 0 car
21 156 629 466 72 57 -1 -1 -1 0 car
21 164 942 476 31 31 -1 -1 -1 0 car
21 168 754 470 38 24 -1 -1 -1 0 car
21 170 694 467 45 40 -1 -1 -1 0 car
21 173 125 507 171 113 -1 -1 -1 0 car
22 4 1393 459 57 30 -1 -1 -1 0 car
22 10 1467 553 132 230 -1 -1 -1 0 car
22 88 1182 462 58 47 -1 -1 -1 0 car
22 125 51 495 456 186 -1 -1 -1 0 car
22 130 625 453 60 73 -1 -1 -1 0 truck
22 135 831 457 153 129 -1 -1 -1 0 car
22 148 138 482 32 62 -1 -1 -1 0 person
22 150 932 475 37 40 -1 -1 -1 0 car
22 152 1014 470 70 56 -1 -1 -1 0 car
22 154 973 470 39 48 -1 -1 -1 0 car
22 156 625 456 68 68 -1 -1 -1 0 car
22 168 759 470 36 25 -1 -1 -1 0 car
22 170 688 472 44 41 -1 -1 -1 0 car
22 173 89 511 177 117 -1 -1 -1 0 car
22 177 1318 456 66 42 -1 -1 -1 0 car
23 4 1271 451 42 24 -1 -1 -1 0 car
23 88 1200 464 54 48 -1 -1 -1 0 car
23 125 3 504 448 215 -1 -1 -1 0 car
23 130 636 451 61 76 -1 -1 -1 0 truck
23 131 87 490 35 48 -1 -1 -1 0 person
23 135 865 465 126 110 -1 -1 -1 0 car
23 148 102 484 33 63 -1 -1 -1 0 person
23 150 691 472 48 41 -1 -1 -1 0 car
23 152 1022 471 74 59 -1 -1 -1 0 car
23 154 991 471 42 51 -1 -1 -1 0 car
23 156 616 458 71 72 -1 -1 -1 0 car
23 168 758 472 36 25 -1 -1 -1 0 car
23 170 672 474 32 46 -1 -1 -1 0 car
23 177 1325 450 79 50 -1 -1 -1 0 car
24 1 865 470 31 26 -1 -1 -1 0 car
24 4 1274 450 36 20 -1 -1 -1 0 car
24 88 1226 461 42 45 -1 -1 -1 0 car
24 125 3 513 363 222 -1 -1 -1 0 car
24 130 615 458 69 72 -1 -1 -1 0 car
24 131 53 491 37 50 -1 -1 -1 0 person
24 135 886 462 114 98 -1 -1 -1 0 car
24 150 691 470 47 43 -1 -1 -1 0 car
24 152 1011 469 98 62 -1 -1 -1 0 car
24 154 994 470 46 52 -1 -1 -1 0 car
24 156 613 462 63 71 -1 -1 -1 0 truck
24 168 754 470 41 26 -1 -1 -1 0 car
24 170 667 473 34 47 -1 -1 -1 0 car
24 177 1273 448 93 59 -1 -1 -1 0 car
25 1 867 471 34 25 -1 -1 -1 0 car
25 88 1247 461 40 44 -1 -1 -1 0 car
25 125 1 533 243 234 -1 -1 -1 0 car
25 130 641 458 48 73 -1 -1 -1 0 car
25 135 893 465 105 88 -1 -1 -1 0 car
25 150 689 473 45 41 -1 -1 -1 0 car
25 152 1034 469 93 67 -1 -1 -1 0 car
25 154 998 469 53 57 -1 -1 -1 0 car
25 156 575 456 96 79 -1 -1 -1 0 car
25 164 982 470 29 44 -1 -1 -1 0 car
25 168 753 472 42 27 -1 -1 -1 0 car
25 170 658 478 36 49 -1 -1 -1 0 car
25 177 1308 457 33 57 -1 -1 -1 0 car
25 185 1422 454 44 40 -1 -1 -1 0 car
25 186 1520 432 79 55 -1 -1 -1 0 car
25 189 429 502 42 73 -1 -1 -1 0 bicycle
26 1 867 472 32 24 -1 -1 -1 0 car
26 84 801 475 28 16 -1 -1 -1 0 car
26 88 1272 462 37 41 -1 -1 -1 0 car
26 125 0 540 191 244 -1 -1 -1 0 car
26 130 661 473 52 52 -1 -1 -1 0 car
26 135 893 468 95 78 -1 -1 -1 0 car
26 141 753 472 36 26 -1 -1 -1 0 car
26 150 687 475 39 42 -1 -1 -1 0 car
26 152 1053 470 93 71 -1 -1 -1 0 car
26 154 1019 469 53 61 -1 -1 -1 0 car
26 156 574 455 85 88 -1 -1 -1 0 truck
26 164 998 470 30 49 -1 -1 -1 0 car
26 168 726 478 32 26 -1 -1 -1 0 car
26 170 657 479 33 50 -1 -1 -1 0 car
26 173 0 534 64 140 -1 -1 -1 0 car
26 177 1337 455 51 60 -1 -1 -1 0 car
26 185 1415 454 47 44 -1 -1 -1 0 car
26 186 1385 443 127 51 -1 -1 -1 0 car
26 189 413 509 38 72 -1 -1 -1 0 bicycle
26 192 57 492 289 146 -1 -1 -1 0 car
27 1 863 477 29 23 -1 -1 -1 0 car
27 84 799 479 26 16 -1 -1 -1 0 car
27 88 1255 449 62 64 -1 -1 -1 0 car
27 130 669 478 46 50 -1 -1 -1 0 car
27 135 893 474 84 70 -1 -1 -1 0 car
27 141 751 477 36 27 -1 -1 -1 0 car
27 150 659 478 39 42 -1 -1 -1 0 car
27 152 1067 475 105 76 -1 -1 -1 0 car
27 154 1007 470 49 63 -1 -1 -1 0 car
27 156 550 459 94 92 -1 -1 -1 0 truck
27 164 992 473 39 52 -1 -1 -1 0 car
27 168 729 479 47 29 -1 -1 -1 0 car
27 170 634 484 42 53 -1 -1 -1 0 car
27 173 0 538 24 146 -1 -1 -1 0 car
27 177 1294 466 41 64 -1 -1 -1 0 car
27 185 975 476 36 44 -1 -1 -1 0 car
27 186 1455 449 91 54 -1 -1 -1 0 car
27 189 347 523 60 72 -1 -1 -1 0 bicycle
27 192 0 499 278 162 -1 -1 -1 0 car
28 1 861 480 26 20 -1 -1 -1 0 car
28 84 795 479 30 17 -1 -1 -1 0 car
28 88 1249 447 68 66 -1 -1 -1 0 car
28 130 666 481 46 47 -1 -1 -1 0 car
28 135 885 477 82 65 -1 -1 -1 0 car
28 141 751 479 37 28 -1 -1 -1 0 car
28 150 684 482 37 40 -1 -1 -1 0 car
28 152 1086 477 123 84 -1 -1 -1 0 car
28 154 1006 472 49 60 -1 -1 -1 0 car
28 156 516 457 119 102 -1 -1 -1 0 truck
28 164 987 476 43 52 -1 -1 -1 0 car
28 168 742 479 39 31 -1 -1 -1 0 car
28 170 622 487 46 53 -1 -1 -1 0 car
28 177 1280 448 89 72 -1 -1 -1 0 car
28 185 972 479 40 40 -1 -1 -1 0 car
28 186 1382 438 78 43 -1 -1 -1 0 car
28 189 287 535 46 78 -1 -1 -1 0 bicycle
28 192 0 506 166 171 -1 -1 -1 0 car
29 1 793 487 31 19 -1 -1 -1 0 car
29 84 793 481 31 18 -1 -1 -1 0 car
29 88 1432 445 90 71 -1 -1 -1 0 car
29 130 653 492 46 50 -1 -1 -1 0 car
29 135 878 486 78 60 -1 -1 -1 0 car
29 141 855 485 28 27 -1 -1 -1 0 car
29 150 664 485 36 40 -1 -1 -1 0 car
29 152 1110 487 138 92 -1 -1 -1 0 car
29 154 1006 481 43 58 -1 -1 -1 0 car
29 156 495 467 114 104 -1 -1 -1 0 truck
29 164 987 485 39 51 -1 -1 -1 0 car
29 168 732 488 48 32 -1 -1 -1 0 car
29 170 606 497 47 55 -1 -1 -1 0 car
29 177 1301 455 102 77 -1 -1 -1 0 car
29 185 963 487 40 40 -1 -1 -1 0 car
29 186 1361 438 71 38 -1 -1 -1 0 car
29 189 247 539 46 86 -1 -1 -1 0 bicycle
29 192 0 510 111 183 -1 -1 -1 0 car
29 208 1023 479 51 71 -1 -1 -1 0 car
29 210 955 489 31 33 -1 -1 -1 0 car
30 1 791 487 30 20 -1 -1 -1 0 car
30 10 1503 462 56 130 -1 -1 -1 0 person
30 88 1543 469 56 64 -1 -1 -1 0 car
30 130 635 491 40 48 -1 -1 -1 0 car
30 135 870 489 70 57 -1 -1 -1 0 car
30 141 847 488 29 24 -1 -1 -1 0 car
30 152 1154 493 168 111 -1 -1 -1 0 car
30 154 1013 486 44 61 -1 -1 -1 0 car
30 156 454 468 124 110 -1 -1 -1 0 truck
30 164 989 490 31 53 -1 -1 -1 0 car
30 168 730 489 52 34 -1 -1 -1 0 car
30 170 579 497 51 60 -1 -1 -1 0 car
30 177 1309 454 173 84 -1 -1 -1 0 car
30 185 957 490 31 37 -1 -1 -1 0 car
30 189 181 545 64 95 -1 -1 -1 0 bicycle
30 208 1035 485 67 71 -1 -1 -1 0 car
30 210 932 487 36 35 -1 -1 -1 0 car
30 212 1050 481 89 84 -1 -1 -1 0 car
31 1 782 489 29 19 -1 -1 -1 0 car
31 10 1517 460 49 124 -1 -1 -1 0 person
31 84 790 479 32 17 -1 -1 -1 0 car
31 88 1566 470 33 66 -1 -1 -1 0 car
31 130 633 482 41 48 -1 -1 -1 0 car
31 135 863 480 69 52 -1 -1 -1 0 car
31 141 847 476 24 24 -1 -1 -1 0 car
31 150 710 480 42 31 -1 -1 -1 0 car
31 152 1099 462 188 123 -1 -1 -1 0 car
31 154 1001 474 41 64 -1 -1 -1 0 car
31 156 412 448 156 129 -1 -1 -1 0 truck
31 164 992 492 33 56 -1 -1 -1 0 car
31 168 741 481 47 35 -1 -1 -1 0 car
31 170 574 483 33 65 -1 -1 -1 0 person
31 177 1358 447 201 86 -1 -1 -1 0 car
31 185 968 482 56 41 -1 -1 -1 0 car
31 186 965 482 33 35 -1 -1 -1 0 car
31 189 136 553 68 97 -1 -1 -1 0 bicycle
31 208 1023 471 57 72 -1 -1 -1 0 car
31 210 932 477 42 36 -1 -1 -1 0 car
32 1 790 481 33 19 -1 -1 -1 0 car
32 84 788 480 33 18 -1 -1 -1 0 car
32 130 610 489 44 46 -1 -1 -1 0 car
32 135 861 481 64 50 -1 -1 -1 0 car
32 141 857 477 22 23 -1 -1 -1 0 car
32 150 707 481 46 32 -1 -1 -1 0 car
32 152 1148 463 241 151 -1 -1 -1 0 car
32 154 1020 477 57 68 -1 -1 -1 0 car
32 156 345 446 183 152 -1 -1 -1 0 truck
32 164 1006 486 38 59 -1 -1 -1 0 car
32 168 724 478 53 35 -1 -1 -1 0 car
32 170 517 490 70 68 -1 -1 -1 0 car
32 177 1431 452 168 80 -1 -1 -1 0 car
32 185 975 483 32 42 -1 -1 -1 0 car
32 186 741 485 44 34 -1 -1 -1 0 car
32 208 1042 475 65 81 -1 -1 -1 0 car
32 210 932 479 41 38 -1 -1 -1 0 car
32 212 1080 472 117 106 -1 -1 -1 0 car
33 1 777 477 29 19 -1 -1 -1 0 car
33 84 792 478 26 18 -1 -1 -1 0 car
33 130 606 488 51 45 -1 -1 -1 0 car
33 135 855 476 62 53 -1 -1 -1 0 car
33 141 837 478 24 23 -1 -1 -1 0 car
33 150 691 483 37 30 -1 -1 -1 0 car
33 152 1160 464 255 157 -1 -1 -1 0 car
33 154 1022 480 52 70 -1 -1 -1 0 car
33 156 306 443 192 148 -1 -1 -1 0 truck
33 164 1010 487 40 62 -1 -1 -1 0 car
33 168 727 483 48 39 -1 -1 -1 0 car
33 170 477 489 80 76 -1 -1 -1 0 car
33 177 1442 451 157 84 -1 -1 -1 0 car
33 185 945 479 43 42 -1 -1 -1 0 car
33 186 622 491 43 32 -1 -1 -1 0 car
33 208 1051 468 111 98 -1 -1 -1 0 car
33 210 932 477 39 40 -1 -1 -1 0 car
33 212 1112 468 174 125 -1 -1 -1 0 car
34 1 772 474 28 19 -1 -1 -1 0 car
34 84 786 476 35 17 -1 -1 -1 0 car
34 130 614 481 28 47 -1 -1 -1 0 car
34 135 850 473 60 49 -1 -1 -1 0 car
34 141 830 473 28 24 -1 -1 -1 0 car
34 150 686 480 32 28 -1 -1 -1 0 car
34 152 1169 458 249 166 -1 -1 -1 0 car
34 154 1039 475 58 78 -1 -1 -1 0 car
34 156 113 426 322 210 -1 -1 -1 0 truck
34 164 995 479 56 51 -1 -1 -1 0 car
34 168 712 478 49 48 -1 -1 -1 0 car
34 170 411 483 111 89 -1 -1 -1 0 car
34 185 942 473 56 44 -1 -1 -1 0 car
34 186 653 484 29 26 -1 -1 -1 0 car
34 189 0 586 88 122 -1 -1 -1 0 bicycle
34 208 1057 468 119 103 -1 -1 -1 0 car
34 210 934 471 38 39 -1 -1 -1 0 car
34 212 1086 459 150 122 -1 -1 -1 0 car
34 233 570 475 45 62 -1 -1 -1 0 car
34 235 1327 442 270 287 -1 -1 -1 0 car
35 1 774 474 27 18 -1 -1 -1 0 car
35 10 1002 478 82 58 -1 -1 -1 0 car
35 84 797 475 24 18 -1 -1 -1 0 car
35 130 598 486 32 47 -1 -1 -1 0 car
35 135 849 474 59 45 -1 -1 -1 0 car
35 141 823 474 29 22 -1 -1 -1 0 car
35 150 676 481 33 28 -1 -1 -1 0 car
35 152 1180 458 263 173 -1 -1 -1 0 car
35 154 1044 476 60 80 -1 -1 -1 0 car
35 156 1 421 355 251 -1 -1 -1 0 truck
35 164 971 472 44 49 -1 -1 -1 0 car
35 168 685 478 66 60 -1 -1 -1 0 car
35 170 333 484 142 112 -1 -1 -1 0 car
35 185 946 474 42 44 -1 -1 -1 0 car
35 186 574 489 25 22 -1 -1 -1 0 car
35 189 0 594 48 127 -1 -1 -1 0 bicycle
35 208 1065 470 96 94 -1 -1 -1 0 car
35 210 939 471 33 40 -1 -1 -1 0 car
35 212 1136 457 198 142 -1 -1 -1 0 car
36 1 768 474 26 17 -1 -1 -1 0 car
36 10 955 471 37 45 -1 -1 -1 0 car
36 84 765 475 29 20 -1 -1 -1 0 car
36 88 1000 466 44 62 -1 -1 -1 0 car
36 130 570 487 38 48 -1 -1 -1 0 car
36 135 853 475 55 43 -1 -1 -1 0 car
36 141 819 473 32 23 -1 -1 -1 0 car
36 150 715 471 38 33 -1 -1 -1 0 car
36 154 1026 473 105 71 -1 -1 -1 0 car
36 156 0 403 186 280 -1 -1 -1 0 truck
36 164 967 471 39 49 -1 -1 -1 0 car
36 168 680 479 68 62 -1 -1 -1 0 car
36 170 173 485 222 137 -1 -1 -1 0 car
36 177 1128 469 147 116 -1 -1 -1 0 car
36 185 925 474 44 46 -1 -1 -1 0 car
36 208 1071 470 100 97 -1 -1 -1 0 car
36 210 928 473 42 38 -1 -1 -1 0 car
36 212 1150 454 213 152 -1 -1 -1 0 car
36 233 492 475 79 73 -1 -1 -1 0 car
37 10 910 472 29 32 -1 -1 -1 0 car
37 84 768 472 26 23 -1 -1 -1 0 car
37 88 985 469 43 58 -1 -1 -1 0 car
37 130 546 484 45 42 -1 -1 -1 0 car
37 135 849 474 56 42 -1 -1 -1 0 car
37 141 812 473 39 24 -1 -1 -1 0 car
37 150 686 473 59 34 -1 -1 -1 0 car
37 154 1018 463 50 69 -1 -1 -1 0 car
37 156 0 401 116 292 -1 -1 -1 0 truck
37 164 970 469 43 50 -1 -1 -1 0 car
37 170 0 482 320 172 -1 -1 -1 0 car
37 177 1104 470 164 122 -1 -1 -1 0 car
37 185 955 471 35 44 -1 -1 -1 0 car
37 208 1045 472 128 80 -1 -1 -1 0 car
37 210 937 473 33 38 -1 -1 -1 0 car
37 212 1177 467 236 146 -1 -1 -1 0 car
37 233 472 470 86 83 -1 -1 -1 0 car
37 235 1346 436 249 275 -1 -1 -1 0 truck
37 239 912 472 38 32 -1 -1 -1 0 car
37 241 386 481 112 85 -1 -1 -1 0 car
38 10 914 478 37 30 -1 -1 -1 0 car
38 84 767 477 35 24 -1 -1 -1 0 car
38 88 1005 472 42 58 -1 -1 -1 0 car
38 130 539 485 46 40 -1 -1 -1 0 car
38 135 849 477 55 42 -1 -1 -1 0 car
38 141 814 479 34 24 -1 -1 -1 0 car
38 150 685 479 43 34 -1 -1 -1 0 car
38 152 1289 468 309 220 -1 -1 -1 0 car
38 154 1019 471 64 70 -1 -1 -1 0 car
38 164 984 473 48 53 -1 -1 -1 0 car
38 170 2 482 179 183 -1 -1 -1 0 car
38 177 1083 479 163 96 -1 -1 -1 0 car
38 185 969 475 44 47 -1 -1 -1 0 car
38 208 1029 470 103 80 -1 -1 -1 0 car
38 210 954 478 35 39 -1 -1 -1 0 car
38 212 1193 467 252 152 -1 -1 -1 0 car
38 233 448 467 94 89 -1 -1 -1 0 car
38 235 1347 427 252 300 -1 -1 -1 0 truck
38 239 929 479 38 33 -1 -1 -1 0 car
39 10 918 471 32 27 -1 -1 -1 0 car
39 84 770 467 34 24 -1 -1 -1 0 car
39 88 989 472 44 59 -1 -1 -1 0 car
39 130 645 477 54 35 -1 -1 -1 0 car
39 135 723 462 49 39 -1 -1 -1 0 car
39 141 809 472 37 24 -1 -1 -1 0 car
39 150 691 472 30 33 -1 -1 -1 0 car
39 152 1308 469 291 229 -1 -1 -1 0 car
39 154 1018 461 54 71 -1 -1 -1 0 car
39 164 989 461 46 54 -1 -1 -1 0 car
39 168 467 486 66 69 -1 -1 -1 0 car
39 170 0 484 121 191 -1 -1 -1 0 car
39 177 1134 466 215 116 -1 -1 -1 0 car
39 185 972 464 36 48 -1 -1 -1 0 car
39 208 1056 453 117 95 -1 -1 -1 0 car
39 210 848 467 53 43 -1 -1 -1 0 car
39 212 1516 519 82 179 -1 -1 -1 0 car
39 233 366 477 111 96 -1 -1 -1 0 car
39 239 932 468 44 36 -1 -1 -1 0 car
39 241 219 492 160 105 -1 -1 -1 0 car
40 10 890 469 26 21 -1 -1 -1 0 car
40 84 773 478 30 25 -1 -1 -1 0 car
40 88 947 478 43 42 -1 -1 -1 0 car
40 130 675 488 38 32 -1 -1 -1 0 car
40 135 725 475 51 38 -1 -1 -1 0 car
40 141 812 484 34 25 -1 -1 -1 0 car
40 150 689 482 31 34 -1 -1 -1 0 car
40 154 1019 470 59 71 -1 -1 -1 0 car
40 164 990 475 39 57 -1 -1 -1 0 car
40 168 429 499 68 69 -1 -1 -1 0 car
40 177 1098 461 170 123 -1 -1 -1 0 car
40 185 965 479 46 47 -1 -1 -1 0 car
40 208 1048 469 76 88 -1 -1 -1 0 car
40 210 853 481 53 43 -1 -1 -1 0 car
40 212 1564 525 35 188 -1 -1 -1 0 car
40 233 264 484 153 120 -1 -1 -1 0 car
40 239 932 479 37 38 -1 -1 -1 0 car
40 241 161 493 173 113 -1 -1 -1 0 car
